sigma, x , y
1.0900000000000003,0.0406593,0.00756843
1.0100000000000002,0.00675206,0.0155998
1.1100000000000003,0.0301381,0.0401968
1.0100000000000002,0.0641774,0.0331578
0.9500000000000002,-0.00298143,0.0489205
1.0500000000000003,0.0197646,0.0736189
1.0700000000000003,0.0545731,0.0660889
0.9300000000000002,0.0964785,0.02568
1.2700000000000002,0.130691,0.0178481
1.0100000000000002,0.0888987,0.0575895
1.0100000000000002,0.123114,0.0532792
0.9700000000000001,0.14765,0.0779742
0.9300000000000002,0.156653,0.0469649
1.0500000000000003,0.16601,0.0128516
1.1300000000000001,0.218705,0.0283681
0.9500000000000002,0.187252,0.0402944
0.9700000000000001,0.179357,0.0710005
0.9500000000000002,0.210622,0.0621828
1.1500000000000001,0.253311,0.0184664
0.81,0.239914,0.0522693
1.0300000000000002,0.280153,0.0401758
1.0300000000000002,0.267628,0.0703921
1.0700000000000003,0.311518,0.0268374
0.9900000000000001,0.343046,0.0162574
0.9100000000000001,0.368159,0.0378051
0.8900000000000001,0.375161,0.00708956
1.0700000000000003,0.337973,0.0493133
0.9300000000000002,0.305653,0.0603297
0.8900000000000001,0.362941,0.0731895
0.8900000000000001,0.388167,0.0595551
0.9300000000000002,0.397438,0.0287667
1.0700000000000003,0.431925,0.0241344
0.9700000000000001,0.418115,0.0545258
0.9100000000000001,0.449909,0.0514827
0.6500000000000001,0.458461,0.0174973
0.9700000000000001,0.506258,0.0272464
0.8500000000000001,0.476226,0.0345918
1.0900000000000003,0.529232,0.056756
0.8500000000000001,0.463962,0.0791637
1.0700000000000003,0.492867,0.0628441
1.1100000000000003,0.54002,0.0235143
1.1100000000000003,0.575358,0.0176669
0.8900000000000001,0.608837,0.010812
1.0300000000000002,0.5646,0.0502531
1.0500000000000003,0.59959,0.0432542
0.9500000000000002,0.589826,0.0763667
0.79,0.640009,0.00463587
0.8900000000000001,0.66298,0.031004
1.0100000000000002,0.632398,0.0350999
0.9500000000000002,0.684465,0.0521633
0.8900000000000001,0.620044,0.0679855
0.9700000000000001,0.651976,0.0622113
1.1700000000000002,0.696268,0.0150167
0.9500000000000002,0.732112,0.0155537
0.8700000000000001,0.765797,0.0171627
1.1100000000000003,0.716961,0.0460955
1.0900000000000003,0.751502,0.0455037
1.0300000000000002,0.707944,0.0790748
0.9300000000000002,0.740995,0.0758279
1.0500000000000003,0.814979,0.0258368
0.9700000000000001,0.785233,0.0401492
0.8700000000000001,0.809591,0.0570552
0.9100000000000001,0.839924,0.0499506
0.81,0.773188,0.0680436
1.1100000000000003,0.849724,0.0186501
1.1500000000000001,0.884659,0.00908917
0.8900000000000001,0.908398,0.0335663
0.9500000000000002,0.873817,0.0420635
0.9500000000000002,0.863924,0.0717484
1.0500000000000003,0.898587,0.0645946
0.9700000000000001,0.919806,0.00561645
0.9100000000000001,0.974927,0.0230384
0.9500000000000002,0.942917,0.0286559
0.9900000000000001,0.964105,0.0522097
0.9900000000000001,0.931136,0.0590045
0.9700000000000001,0.987426,0.0795244
0.9900000000000001,0.0439336,0.0978707
0.9300000000000002,0.00895924,0.105006
0.9900000000000001,0.0306651,0.12801
1.1500000000000001,0.0677468,0.121889
0.9900000000000001,-0.00219172,0.135902
1.0700000000000003,0.0535055,0.154287
0.9900000000000001,0.0785032,0.0892112
1.1300000000000001,0.112708,0.0856094
0.9500000000000002,0.135904,0.110339
0.9500000000000002,0.101779,0.116911
0.9500000000000002,0.0889107,0.147306
0.9700000000000001,0.122213,0.14261
0.9900000000000001,0.204204,0.0943541
0.9300000000000002,0.168302,0.104395
1.1900000000000002,0.193825,0.12756
1.0900000000000003,0.15609,0.138606
0.8900000000000001,0.223191,0.149087
0.9300000000000002,0.23435,0.0816981
1.0100000000000002,0.229098,0.116805
1.1500000000000001,0.295394,0.0915042
1.0300000000000002,0.260141,0.103575
1.0300000000000002,0.288153,0.125942
1.0100000000000002,0.254223,0.138399
1.0500000000000003,0.330589,0.0832186
1.1500000000000001,0.359917,0.106642
1.0300000000000002,0.322487,0.115772
0.9100000000000001,0.346001,0.136703
1.0300000000000002,0.312959,0.148318
1.1300000000000001,0.374556,0.156668
0.9300000000000002,0.388214,0.126327
1.1100000000000003,0.394483,0.0914283
1.0700000000000003,0.430948,0.083753
0.9900000000000001,0.418027,0.115302
0.8900000000000001,0.452048,0.108594
0.9700000000000001,0.409968,0.149992
1.0700000000000003,0.440556,0.139465
1.0700000000000003,0.48462,0.099838
1.1700000000000002,0.520195,0.0908176
1.0900000000000003,0.475272,0.13292
1.0500000000000003,0.508876,0.124568
0.8500000000000001,0.499454,0.155505
1.0100000000000002,0.533071,0.147518
1.0500000000000003,0.556782,0.0829247
0.8500000000000001,0.577944,0.106349
1.0300000000000002,0.544798,0.116844
0.9100000000000001,0.608797,0.100349
0.9500000000000002,0.599518,0.130541
0.9500000000000002,0.568916,0.137813
0.9700000000000001,0.640275,0.0932266
0.9100000000000001,0.674602,0.0849067
1.0100000000000002,0.663341,0.114268
0.8900000000000001,0.630765,0.123762
0.9700000000000001,0.621209,0.155045
1.0900000000000003,0.653914,0.147827
1.0500000000000003,0.689161,0.144255
1.0700000000000003,0.696627,0.110624
0.9300000000000002,0.728598,0.104772
0.8900000000000001,0.764698,0.095639
0.9100000000000001,0.721962,0.137076
1.1300000000000001,0.753643,0.126523
1.0500000000000003,0.798576,0.0862955
1.0500000000000003,0.831406,0.0797772
0.9700000000000001,0.82207,0.112523
1.1700000000000002,0.788682,0.119233
0.9500000000000002,0.813537,0.144665
1.0100000000000002,0.844772,0.136119
1.0100000000000002,0.885909,0.0948732
1.0100000000000002,0.853751,0.103038
1.0700000000000003,0.880755,0.126767
0.79,0.912352,0.121834
0.9500000000000002,0.901899,0.150542
1.0500000000000003,0.920155,0.0915065
1.0500000000000003,0.954972,0.0834752
0.9500000000000002,0.977084,0.110817
1.0100000000000002,0.944242,0.114622
1.0500000000000003,0.964165,0.144438
0.9300000000000002,0.932504,0.143913
1.0500000000000003,0.0200888,0.161962
1.1500000000000001,0.0457635,0.191379
0.8700000000000001,0.0117653,0.192615
0.8500000000000001,0.0329854,0.223194
1.0900000000000003,0.0642293,0.224101
0.9700000000000001,0.0030903,0.222359
0.8300000000000001,0.0755867,0.173548
0.9300000000000002,0.106505,0.172599
0.9700000000000001,0.13749,0.16904
0.9900000000000001,0.0890556,0.199155
0.8300000000000001,0.120888,0.199061
0.9700000000000001,0.103113,0.227703
1.0500000000000003,0.136294,0.228533
1.0900000000000003,0.152645,0.199401
0.8900000000000001,0.167151,0.17007
1.0100000000000002,0.196048,0.163246
0.9300000000000002,0.2176,0.185277
1.0100000000000002,0.187617,0.195917
1.2100000000000002,0.175987,0.231635
0.9700000000000001,0.210646,0.219439
1.0100000000000002,0.247825,0.17209
1.0100000000000002,0.28053,0.160001
0.9500000000000002,0.275794,0.19313
1.1100000000000003,0.243091,0.206239
1.1100000000000003,0.271609,0.226702
1.1300000000000001,0.308185,0.181896
1.1100000000000003,0.340699,0.169204
0.9500000000000002,0.367788,0.190588
0.9100000000000001,0.335094,0.203289
1.0100000000000002,0.305528,0.215396
0.9700000000000001,0.362108,0.220857
0.9500000000000002,0.431233,0.174227
1.0300000000000002,0.399246,0.182591
0.8900000000000001,0.422965,0.207453
1.0300000000000002,0.453053,0.198796
0.8900000000000001,0.392602,0.213711
0.9300000000000002,0.445045,0.231434
1.1100000000000003,0.463441,0.165484
0.9900000000000001,0.522148,0.179223
1.1700000000000002,0.489442,0.190301
1.0700000000000003,0.479085,0.224283
0.8500000000000001,0.51185,0.215811
1.1700000000000002,0.557475,0.171878
0.9300000000000002,0.590266,0.162969
1.1300000000000001,0.545324,0.206992
1.1300000000000001,0.5825,0.198493
0.9300000000000002,0.571169,0.231188
0.9100000000000001,0.603228,0.223621
0.8700000000000001,0.611978,0.18513
1.0300000000000002,0.676894,0.176669
1.0500000000000003,0.642755,0.1806
1.0100000000000002,0.666284,0.208048
1.0300000000000002,0.632894,0.213819
1.1500000000000001,0.711746,0.171152
1.2500000000000002,0.74825,0.163015
1.0500000000000003,0.701264,0.205197
1.0700000000000003,0.735403,0.197465
0.8900000000000001,0.69116,0.234078
0.9700000000000001,0.724195,0.228884
0.77,0.757477,0.220737
1.1300000000000001,0.773337,0.192956
1.0100000000000002,0.783385,0.155837
1.0500000000000003,0.80637,0.179702
0.9300000000000002,0.836614,0.168461
0.8500000000000001,0.830408,0.201366
1.1500000000000001,0.801618,0.217683
1.0100000000000002,0.868243,0.158722
1.0500000000000003,0.89221,0.182439
0.9700000000000001,0.859158,0.190072
1.0100000000000002,0.882001,0.213214
1.0100000000000002,0.91418,0.20832
0.7300000000000001,0.851699,0.216913
1.1300000000000001,0.927507,0.17637
0.9700000000000001,0.988609,0.168626
0.8500000000000001,0.959498,0.175755
0.9700000000000001,0.979968,0.200033
0.9700000000000001,0.947985,0.204749
1.1100000000000003,0.970236,0.233091
1.0500000000000003,0.015147,0.25487
0.9300000000000002,0.0497881,0.254821
1.1100000000000003,0.0335804,0.284993
1.1100000000000003,0.0689963,0.285383
0.9500000000000002,0.000135461,0.28679
1.0300000000000002,0.0827108,0.254362
0.9500000000000002,0.117184,0.25685
1.0900000000000003,0.103852,0.285829
0.7100000000000001,0.133257,0.279633
0.9100000000000001,0.147912,0.258395
0.9500000000000002,0.207078,0.252
1.0700000000000003,0.178197,0.271441
0.9300000000000002,0.207345,0.282987
1.2100000000000002,0.155322,0.302658
0.9500000000000002,0.190685,0.308941
0.9900000000000001,0.239512,0.241383
0.8700000000000001,0.266263,0.258583
1.1500000000000001,0.300043,0.25017
1.0900000000000003,0.238029,0.274902
0.9300000000000002,0.267628,0.288164
0.9900000000000001,0.297879,0.285503
1.0900000000000003,0.225548,0.31028
0.9700000000000001,0.332403,0.235918
0.9300000000000002,0.357899,0.250901
1.2100000000000002,0.332562,0.273111
0.9300000000000002,0.36928,0.2783
0.9900000000000001,0.32005,0.30863
0.9300000000000002,0.352378,0.303807
0.81,0.385238,0.243777
0.9900000000000001,0.413977,0.237497
0.9500000000000002,0.434247,0.263583
0.8900000000000001,0.402573,0.26789
0.9500000000000002,0.456738,0.290206
0.9500000000000002,0.393582,0.298293
0.9900000000000001,0.424654,0.294124
0.9100000000000001,0.498643,0.250864
1.0300000000000002,0.528556,0.239511
1.0300000000000002,0.466321,0.257723
1.0500000000000003,0.489116,0.281859
1.1700000000000002,0.523552,0.277065
1.0300000000000002,0.514761,0.313143
0.9700000000000001,0.592794,0.25343
1.2100000000000002,0.557209,0.260742
1.0300000000000002,0.580434,0.287869
1.0100000000000002,0.548068,0.306093
0.77,0.60444,0.306549
1.0300000000000002,0.614643,0.277863
0.9900000000000001,0.623941,0.245705
1.0700000000000003,0.657665,0.239536
1.0300000000000002,0.681585,0.263844
0.9500000000000002,0.647149,0.271644
1.1300000000000001,0.635823,0.306336
1.2100000000000002,0.67212,0.298302
0.9300000000000002,0.746711,0.252266
1.0500000000000003,0.714513,0.259867
0.9500000000000002,0.738525,0.283136
0.9700000000000001,0.707482,0.292027
1.0500000000000003,0.761589,0.306936
1.0500000000000003,0.771171,0.274683
0.9500000000000002,0.776185,0.241589
1.0100000000000002,0.831017,0.235291
1.2100000000000002,0.806403,0.261417
1.0900000000000003,0.795544,0.298503
1.1100000000000003,0.830044,0.291915
0.9300000000000002,0.846608,0.264008
0.9700000000000001,0.865702,0.240609
0.8700000000000001,0.899902,0.238486
0.8300000000000001,0.885327,0.262498
0.8900000000000001,0.914323,0.263431
1.0300000000000002,0.865691,0.289239
0.8300000000000001,0.897351,0.287324
1.1300000000000001,0.933186,0.236519
0.8500000000000001,0.983965,0.26252
1.0700000000000003,0.951987,0.266465
0.8500000000000001,0.972362,0.289984
1.0500000000000003,0.928523,0.292619
1.0300000000000002,0.0219114,0.318257
1.0100000000000002,0.0550178,0.315331
0.9700000000000001,0.0407437,0.345409
0.9700000000000001,0.00895126,0.348739
0.9300000000000002,0.025785,0.374917
1.0100000000000002,0.0601291,0.371674
1.0300000000000002,0.0742278,0.34196
0.8700000000000001,0.0894153,0.315504
0.9300000000000002,0.121842,0.313582
0.9500000000000002,0.107524,0.339596
0.9300000000000002,0.140267,0.337304
0.9500000000000002,0.0930712,0.369464
0.9700000000000001,0.125122,0.367045
1.0100000000000002,0.157366,0.365664
1.0300000000000002,0.173156,0.336087
0.9500000000000002,0.206921,0.33894
0.9700000000000001,0.189446,0.366279
1.1700000000000002,0.223785,0.36849
0.9500000000000002,0.259018,0.316606
0.8900000000000001,0.289791,0.315543
0.9500000000000002,0.241753,0.340647
0.9100000000000001,0.275903,0.342713
1.0700000000000003,0.258625,0.371946
1.0100000000000002,0.292,0.372546
0.9700000000000001,0.306883,0.341625
1.0500000000000003,0.340266,0.33425
1.0900000000000003,0.376113,0.327151
0.8900000000000001,0.363903,0.357187
1.29,0.329857,0.371141
0.9700000000000001,0.412807,0.32634
0.9700000000000001,0.447715,0.320664
0.9100000000000001,0.435435,0.348986
1.1900000000000002,0.39731,0.357798
1.0100000000000002,0.424784,0.378455
0.8900000000000001,0.456767,0.377049
1.0300000000000002,0.480734,0.315706
0.8900000000000001,0.501422,0.343371
1.0500000000000003,0.468771,0.34708
1.0700000000000003,0.489113,0.374379
1.1100000000000003,0.523297,0.373007
1.0900000000000003,0.538415,0.339861
0.8300000000000001,0.576844,0.31689
0.9500000000000002,0.599996,0.334775
0.8700000000000001,0.56958,0.344386
1.0700000000000003,0.55795,0.373579
1.1300000000000001,0.594869,0.367547
0.9500000000000002,0.663289,0.332809
1.0700000000000003,0.631748,0.340959
0.9100000000000001,0.656914,0.363824
1.0700000000000003,0.688846,0.356984
0.8900000000000001,0.627131,0.371553
1.0300000000000002,0.697272,0.323208
0.8900000000000001,0.730414,0.313483
1.0100000000000002,0.753934,0.340564
1.1300000000000001,0.721899,0.348315
0.8500000000000001,0.71108,0.382242
1.0700000000000003,0.743231,0.375728
1.0900000000000003,0.819521,0.32547
0.9900000000000001,0.786281,0.332957
1.0300000000000002,0.811448,0.359067
0.8700000000000001,0.842386,0.350724
1.1300000000000001,0.77761,0.36752
1.0100000000000002,0.834052,0.383519
1.0500000000000003,0.853045,0.32038
1.0700000000000003,0.889018,0.31756
0.9500000000000002,0.872606,0.347555
1.0100000000000002,0.904715,0.349358
0.6900000000000001,0.860028,0.372529
1.0100000000000002,0.887782,0.379508
0.81,0.920464,0.322642
1.0100000000000002,0.989323,0.317932
1.1700000000000002,0.953402,0.317344
1.2100000000000002,0.973374,0.351064
1.0300000000000002,0.938643,0.349906
1.0900000000000003,0.922538,0.380166
1.1300000000000001,0.992616,0.384223
0.9700000000000001,0.957486,0.383385
0.9900000000000001,0.0429375,0.400306
0.8700000000000001,0.010575,0.410285
0.8300000000000001,0.0320126,0.427717
1.0900000000000003,0.0620831,0.430551
1.0300000000000002,0.00795979,0.445472
1.1300000000000001,0.0411527,0.459581
1.0100000000000002,0.0769359,0.399908
0.9700000000000001,0.11017,0.396967
0.9100000000000001,0.142197,0.393533
1.0500000000000003,0.0957835,0.427732
1.0500000000000003,0.129935,0.424066
1.0500000000000003,0.081424,0.45924
1.0300000000000002,0.115406,0.455391
0.9300000000000002,0.173421,0.39433
0.9900000000000001,0.203906,0.395146
0.9100000000000001,0.161555,0.422324
0.79,0.189815,0.419665
1.0100000000000002,0.217487,0.427118
1.0700000000000003,0.152286,0.453403
0.8900000000000001,0.184699,0.447498
1.0500000000000003,0.238416,0.40092
0.9900000000000001,0.273078,0.402603
0.8900000000000001,0.251786,0.429598
1.1500000000000001,0.286417,0.433902
1.0300000000000002,0.232852,0.455222
0.9900000000000001,0.26534,0.461713
1.1100000000000003,0.307744,0.403643
1.0300000000000002,0.362206,0.388745
0.9900000000000001,0.34059,0.413281
1.0100000000000002,0.373654,0.420361
0.9700000000000001,0.320497,0.439066
0.9500000000000002,0.35235,0.448562
1.0700000000000003,0.396547,0.39486
0.9500000000000002,0.441158,0.405224
1.2300000000000002,0.412741,0.426954
1.1700000000000002,0.452385,0.437962
1.0500000000000003,0.385499,0.453316
1.0500000000000003,0.421372,0.462991
1.0700000000000003,0.474359,0.405344
0.9900000000000001,0.508152,0.405455
1.2500000000000002,0.491084,0.440072
1.0700000000000003,0.52759,0.435116
0.9900000000000001,0.542368,0.403169
1.0500000000000003,0.579912,0.399696
1.0100000000000002,0.614538,0.399294
1.1100000000000003,0.564133,0.432675
1.0900000000000003,0.599707,0.429644
0.8900000000000001,0.587018,0.459556
1.0100000000000002,0.648188,0.395699
1.0300000000000002,0.680109,0.388365
1.0300000000000002,0.668189,0.422119
0.8900000000000001,0.634003,0.425878
0.9900000000000001,0.620074,0.457608
0.9900000000000001,0.653372,0.45124
1.0700000000000003,0.690049,0.449483
1.0500000000000003,0.735001,0.409022
1.0700000000000003,0.702003,0.414176
1.2300000000000002,0.757883,0.437478
0.9700000000000001,0.722222,0.444044
1.0500000000000003,0.768245,0.401586
1.0300000000000002,0.801677,0.392955
0.8900000000000001,0.826158,0.413927
0.9100000000000001,0.793337,0.423945
0.8900000000000001,0.819252,0.442808
1.0300000000000002,0.790065,0.45677
1.0300000000000002,0.861083,0.402463
0.9900000000000001,0.902629,0.4077
1.0500000000000003,0.849892,0.435911
0.8500000000000001,0.879998,0.4281
1.0900000000000003,0.91013,0.440508
1.1300000000000001,0.879844,0.462093
1.1500000000000001,0.938016,0.414136
1.2500000000000002,0.976381,0.422106
1.1300000000000001,0.97628,0.460435
1.0300000000000002,0.943228,0.448156
0.9100000000000001,0.00868729,0.477671
1.1300000000000001,0.0650177,0.489666
0.79,0.0321601,0.492901
0.9500000000000002,0.0114308,0.512491
1.31,0.0474383,0.52516
1.0100000000000002,0.135658,0.483548
1.0900000000000003,0.101128,0.487227
1.0100000000000002,0.0852036,0.519076
0.9500000000000002,0.119199,0.514041
0.9100000000000001,0.137543,0.537805
0.9700000000000001,0.151145,0.511136
1.1700000000000002,0.174065,0.484339
0.9900000000000001,0.206056,0.47314
0.9300000000000002,0.180988,0.521567
1.2300000000000002,0.214382,0.509654
1.0500000000000003,0.20403,0.545901
0.9500000000000002,0.242293,0.485604
0.9500000000000002,0.297815,0.466407
0.9300000000000002,0.27393,0.491186
1.0500000000000003,0.251536,0.517044
0.8300000000000001,0.233521,0.540204
1.0500000000000003,0.283415,0.525917
0.9900000000000001,0.305792,0.499003
1.0300000000000002,0.328575,0.473715
1.1300000000000001,0.362764,0.480943
0.9900000000000001,0.338675,0.506454
0.9500000000000002,0.371193,0.514853
1.0100000000000002,0.316339,0.530379
0.9900000000000001,0.34995,0.538352
1.1100000000000003,0.396861,0.488721
1.0500000000000003,0.430775,0.495482
1.0100000000000002,0.453854,0.472296
1.1100000000000003,0.406254,0.522671
1.0900000000000003,0.441109,0.530724
0.8500000000000001,0.483428,0.473234
1.0100000000000002,0.513903,0.468357
0.8700000000000001,0.499957,0.496505
1.1700000000000002,0.467793,0.504684
1.1100000000000003,0.476607,0.540984
0.9500000000000002,0.505735,0.524902
1.2100000000000002,0.534058,0.499168
1.0300000000000002,0.546499,0.463834
1.1500000000000001,0.570923,0.488495
1.0900000000000003,0.60711,0.488568
0.9900000000000001,0.59262,0.522192
1.0300000000000002,0.535063,0.538993
0.9300000000000002,0.561426,0.51983
1.0700000000000003,0.641438,0.484861
1.0100000000000002,0.673657,0.478779
0.9700000000000001,0.626469,0.516089
1.0900000000000003,0.660998,0.513299
0.9300000000000002,0.677708,0.542094
0.9100000000000001,0.693815,0.50906
0.8700000000000001,0.703726,0.479685
0.9700000000000001,0.731286,0.474697
0.8500000000000001,0.723477,0.505281
0.9500000000000002,0.753415,0.502975
1.0300000000000002,0.710587,0.535223
0.9500000000000002,0.743321,0.532858
0.9900000000000001,0.762392,0.473175
0.9300000000000002,0.815939,0.473591
1.1300000000000001,0.790888,0.494002
0.8900000000000001,0.832758,0.497822
1.0900000000000003,0.77939,0.52743
1.0300000000000002,0.813711,0.523499
0.9700000000000001,0.846154,0.468718
0.8700000000000001,0.893998,0.492587
0.9300000000000002,0.865281,0.494863
0.9100000000000001,0.916359,0.472365
0.9700000000000001,0.884819,0.521443
0.9300000000000002,0.852381,0.522345
1.0900000000000003,0.920746,0.50954
1.0700000000000003,0.946551,0.484145
1.1700000000000002,0.980378,0.496659
0.8900000000000001,0.952851,0.51665
1.1500000000000001,0.98216,0.533818
0.9700000000000001,0.932861,0.541205
0.9300000000000002,0.0149832,0.54475
0.9300000000000002,0.0443123,0.562899
0.8500000000000001,0.0172862,0.575037
0.9700000000000001,0.0391829,0.594679
0.9700000000000001,0.0692118,0.583143
0.9300000000000002,0.061503,0.617222
1.1900000000000002,-0.00102712,0.605591
1.0100000000000002,0.0753175,0.551304
0.9500000000000002,0.106455,0.543193
0.8900000000000001,0.0992885,0.572891
1.0500000000000003,0.130801,0.568273
1.0300000000000002,0.0937265,0.604569
0.9900000000000001,0.126767,0.601772
1.1900000000000002,0.167453,0.55291
1.0700000000000003,0.193409,0.579154
1.0900000000000003,0.159795,0.590738
0.8500000000000001,0.185086,0.611316
0.9300000000000002,0.215885,0.601855
1.0500000000000003,0.227584,0.570792
1.0500000000000003,0.262696,0.553077
0.9700000000000001,0.296028,0.556083
0.8500000000000001,0.276625,0.580783
0.9900000000000001,0.250625,0.593364
1.1300000000000001,0.278289,0.614417
0.9500000000000002,0.305323,0.587606
1.0100000000000002,0.327631,0.563196
0.9700000000000001,0.359918,0.571775
0.9300000000000002,0.337394,0.594388
1.0900000000000003,0.367538,0.605966
1.0700000000000003,0.382381,0.547398
1.0300000000000002,0.41673,0.556735
1.0900000000000003,0.450593,0.565392
0.9700000000000001,0.391636,0.580085
1.0100000000000002,0.425001,0.588039
0.79,0.454747,0.595691
1.1300000000000001,0.402555,0.613708
1.0300000000000002,0.506416,0.5595
0.9900000000000001,0.480381,0.580149
1.0900000000000003,0.510268,0.596078
1.1300000000000001,0.479515,0.617594
1.0300000000000002,0.537901,0.572899
1.0900000000000003,0.569623,0.55172
1.0500000000000003,0.600591,0.572045
1.0500000000000003,0.56792,0.585646
1.0100000000000002,0.542883,0.608177
0.81,0.593259,0.601612
0.8900000000000001,0.61401,0.545224
0.9700000000000001,0.645155,0.543344
0.9500000000000002,0.663936,0.569087
1.0100000000000002,0.632737,0.573572
1.0700000000000003,0.682246,0.59754
0.8500000000000001,0.621014,0.60324
0.9300000000000002,0.649926,0.601545
1.0100000000000002,0.698027,0.567424
0.9300000000000002,0.730897,0.562515
1.0500000000000003,0.763976,0.558186
0.9100000000000001,0.717322,0.592897
1.0100000000000002,0.750096,0.589092
0.9100000000000001,0.736368,0.617925
0.8300000000000001,0.802194,0.553403
1.1100000000000003,0.835587,0.550957
1.1100000000000003,0.784965,0.585554
1.1500000000000001,0.820756,0.583033
0.9100000000000001,0.769346,0.616132
0.9500000000000002,0.805054,0.613455
0.9900000000000001,0.839067,0.612155
0.9100000000000001,0.870361,0.549791
0.9500000000000002,0.901836,0.549355
0.8900000000000001,0.8921,0.577467
1.1700000000000002,0.858725,0.581498
0.8900000000000001,0.873502,0.611635
1.0300000000000002,0.905874,0.606781
0.9900000000000001,0.958314,0.559637
1.1900000000000002,0.925996,0.576113
0.9700000000000001,0.989252,0.568901
1.0100000000000002,0.964527,0.592852
0.79,0.938299,0.607909
1.0300000000000002,0.0298762,0.626903
1.0300000000000002,0.053936,0.650228
0.8300000000000001,0.0240994,0.657596
1.0700000000000003,-0.00205668,0.641362
1.1500000000000001,0.0435049,0.683181
0.8700000000000001,0.00811956,0.680075
0.8900000000000001,0.121262,0.632366
1.1700000000000002,0.0871727,0.639845
0.9700000000000001,0.144035,0.653647
1.0700000000000003,0.111848,0.666018
0.9100000000000001,0.0781242,0.673612
1.0900000000000003,0.137972,0.688897
0.9300000000000002,0.152414,0.623563
1.0100000000000002,0.208036,0.632614
0.9700000000000001,0.176466,0.642137
0.9700000000000001,0.168688,0.675162
0.9500000000000002,0.199813,0.665775
0.8900000000000001,0.230308,0.656174
1.0900000000000003,0.241423,0.624679
0.8500000000000001,0.295075,0.643605
1.0100000000000002,0.265294,0.647497
1.0500000000000003,0.294438,0.674314
1.0700000000000003,0.223284,0.687687
0.9900000000000001,0.255166,0.676358
1.1300000000000001,0.317195,0.620137
0.9300000000000002,0.347196,0.633665
0.9300000000000002,0.323418,0.653871
0.9100000000000001,0.353287,0.665378
1.0500000000000003,0.32827,0.685441
1.1700000000000002,0.38025,0.64313
1.0900000000000003,0.438665,0.622008
1.0900000000000003,0.416575,0.652391
1.0500000000000003,0.455744,0.651621
0.9500000000000002,0.388974,0.676652
0.7500000000000001,0.412375,0.692863
0.9700000000000001,0.437272,0.678473
0.9500000000000002,0.517246,0.629167
1.1900000000000002,0.490958,0.652662
1.1300000000000001,0.526115,0.663696
1.0100000000000002,0.469608,0.681606
1.1100000000000003,0.502929,0.690014
0.9700000000000001,0.549416,0.639476
0.8300000000000001,0.572402,0.61976
0.8900000000000001,0.602639,0.627292
1.0700000000000003,0.58145,0.650576
0.8500000000000001,0.559711,0.672504
0.9100000000000001,0.591921,0.682363
1.0300000000000002,0.614386,0.657772
0.8900000000000001,0.63339,0.630962
1.2700000000000002,0.667486,0.633095
0.9100000000000001,0.647013,0.665104
0.9900000000000001,0.675884,0.673733
0.9300000000000002,0.622901,0.689377
0.9300000000000002,0.654084,0.69637
0.7500000000000001,0.694304,0.650423
0.9900000000000001,0.703934,0.622614
0.9900000000000001,0.756322,0.644783
1.0700000000000003,0.724428,0.648551
0.9100000000000001,0.708124,0.676481
0.9500000000000002,0.739242,0.676584
0.9900000000000001,0.789271,0.641971
1.0300000000000002,0.822013,0.640978
1.0700000000000003,0.773845,0.673656
0.9900000000000001,0.8077,0.671001
0.9900000000000001,0.840762,0.671461
0.9900000000000001,0.892736,0.637265
1.1300000000000001,0.858665,0.641612
1.0700000000000003,0.877973,0.671029
1.0300000000000002,0.91164,0.665165
1.0500000000000003,0.927798,0.635146
1.1500000000000001,0.963273,0.630343
1.0300000000000002,0.976189,0.668501
0.8700000000000001,0.945082,0.661577
1.0300000000000002,0.919327,0.698015
1.0900000000000003,0.95282,0.694597
1.0100000000000002,0.0169946,0.71098
0.81,0.0449915,0.714575
0.9900000000000001,0.0303145,0.742673
1.2300000000000002,0.068224,0.738381
1.1500000000000001,-0.00494678,0.740307
0.9700000000000001,0.0145648,0.770578
1.1700000000000002,0.0521957,0.773923
0.9300000000000002,0.0738928,0.704417
0.9700000000000001,0.10472,0.699991
0.9900000000000001,0.131067,0.722087
0.9300000000000002,0.101181,0.73143
1.0100000000000002,0.092067,0.765371
1.0100000000000002,0.124341,0.754928
0.8900000000000001,0.160721,0.710815
1.0500000000000003,0.191196,0.699771
0.9300000000000002,0.217307,0.721933
0.9700000000000001,0.155498,0.743184
0.9300000000000002,0.18568,0.732496
0.9100000000000001,0.178886,0.766284
1.0700000000000003,0.209961,0.754545
0.8900000000000001,0.24663,0.708534
0.9500000000000002,0.27619,0.699907
1.1100000000000003,0.279144,0.732205
1.1300000000000001,0.244673,0.742868
1.0900000000000003,0.273411,0.766246
0.9700000000000001,0.304894,0.709029
0.8900000000000001,0.335829,0.717057
1.0500000000000003,0.363014,0.697111
0.9300000000000002,0.366868,0.728874
0.8900000000000001,0.310524,0.737853
1.1500000000000001,0.34138,0.749159
1.0700000000000003,0.311795,0.771236
0.9700000000000001,0.373351,0.763921
0.8500000000000001,0.392261,0.711182
0.8300000000000001,0.449886,0.705404
1.0100000000000002,0.423525,0.719672
1.0100000000000002,0.397557,0.742444
1.0500000000000003,0.455591,0.734653
0.9900000000000001,0.429465,0.754871
0.8900000000000001,0.480438,0.714778
0.9500000000000002,0.51249,0.722223
1.0300000000000002,0.48692,0.747088
1.0100000000000002,0.461801,0.769344
0.9700000000000001,0.51999,0.753889
1.0100000000000002,0.536607,0.697359
1.0100000000000002,0.568581,0.703006
0.9300000000000002,0.599331,0.712478
1.0500000000000003,0.545156,0.729086
0.8900000000000001,0.576024,0.73494
1.1500000000000001,0.60777,0.745016
1.1300000000000001,0.555304,0.761758
1.0300000000000002,0.633519,0.720424
1.1900000000000002,0.669711,0.726851
1.1300000000000001,0.646056,0.754862
0.9900000000000001,0.684446,0.759694
0.8900000000000001,0.691663,0.70212
0.8500000000000001,0.720951,0.704274
1.0700000000000003,0.755794,0.704144
0.9100000000000001,0.704514,0.729997
1.0500000000000003,0.73698,0.732869
0.9900000000000001,0.717078,0.760678
0.9500000000000002,0.754448,0.759423
0.9300000000000002,0.790468,0.703672
1.0900000000000003,0.822583,0.701505
0.9900000000000001,0.772979,0.731341
1.0700000000000003,0.841892,0.729635
0.8700000000000001,0.806434,0.730017
1.0700000000000003,0.79093,0.758824
0.9900000000000001,0.824393,0.759279
0.9900000000000001,0.856862,0.699746
0.9500000000000002,0.887772,0.702449
0.8900000000000001,0.873199,0.730191
0.9100000000000001,0.905531,0.72985
0.9700000000000001,0.857318,0.760207
1.0300000000000002,0.890532,0.758545
0.9500000000000002,0.986003,0.699889
0.8500000000000001,0.966823,0.722977
0.9700000000000001,0.935803,0.725565
0.9300000000000002,0.954519,0.751998
0.9700000000000001,0.923236,0.757128
1.0500000000000003,0.978649,0.774
0.81,0.0296528,0.796995
0.8900000000000001,0.0206685,0.825187
0.9500000000000002,0.050404,0.815961
1.0100000000000002,0.000525986,0.798626
0.9900000000000001,0.0460247,0.848709
0.8900000000000001,0.116051,0.786811
1.1900000000000002,0.0802365,0.799003
1.0700000000000003,0.142778,0.807368
1.1300000000000001,0.109077,0.820617
1.0700000000000003,0.0770599,0.836046
0.9700000000000001,0.13744,0.840401
0.9300000000000002,0.149879,0.773992
0.9500000000000002,0.20471,0.786265
0.8900000000000001,0.173057,0.797121
0.9300000000000002,0.198054,0.816116
1.0300000000000002,0.169681,0.829543
1.0300000000000002,0.230305,0.811657
1.0900000000000003,0.237821,0.777527
0.8900000000000001,0.289091,0.794373
0.8300000000000001,0.261127,0.798909
0.8700000000000001,0.290062,0.823677
0.8500000000000001,0.229087,0.842517
1.0500000000000003,0.258229,0.829535
1.1100000000000003,0.347032,0.786322
1.0500000000000003,0.318531,0.806177
1.2300000000000002,0.353114,0.82486
1.0900000000000003,0.317856,0.841535
1.0100000000000002,0.379372,0.796732
0.8300000000000001,0.388979,0.826294
0.9700000000000001,0.403711,0.775699
0.9500000000000002,0.435361,0.788195
0.9100000000000001,0.409883,0.807967
1.0700000000000003,0.439088,0.821745
0.9700000000000001,0.413868,0.843628
1.1300000000000001,0.497505,0.781602
0.9700000000000001,0.465573,0.801264
0.8500000000000001,0.529779,0.782989
0.8500000000000001,0.493832,0.816344
1.0300000000000002,0.525429,0.813993
0.9100000000000001,0.469901,0.832226
1.0300000000000002,0.509874,0.844236
0.9300000000000002,0.586889,0.772654
1.33,0.561005,0.802317
1.0100000000000002,0.599194,0.803096
0.9100000000000001,0.548119,0.837842
0.9500000000000002,0.584836,0.833288
0.8500000000000001,0.617058,0.775694
1.1900000000000002,0.66452,0.788873
0.9300000000000002,0.631471,0.800904
0.9100000000000001,0.652294,0.822522
1.1300000000000001,0.619309,0.832132
1.0900000000000003,0.685254,0.818498
0.9300000000000002,0.700546,0.788208
1.0900000000000003,0.736832,0.788165
1.0500000000000003,0.719647,0.817392
0.8500000000000001,0.754449,0.817738
0.9900000000000001,0.702846,0.847036
1.0700000000000003,0.73694,0.848187
1.1100000000000003,0.771617,0.789141
1.0500000000000003,0.80745,0.788283
1.0300000000000002,0.789034,0.818655
1.1100000000000003,0.827492,0.816062
1.0500000000000003,0.771847,0.845834
1.0900000000000003,0.80759,0.846907
0.8500000000000001,0.840672,0.786592
1.0100000000000002,0.875358,0.788858
1.2300000000000002,0.911062,0.791035
0.9300000000000002,0.86211,0.818185
1.0100000000000002,0.895813,0.823655
1.1100000000000003,0.84241,0.848292
0.81,0.872519,0.844449
0.8900000000000001,0.945861,0.782403
0.9900000000000001,0.969099,0.805305
0.8900000000000001,0.990942,0.828739
0.9300000000000002,0.938244,0.812854
1.2100000000000002,0.925273,0.845222
0.8900000000000001,0.961549,0.836391
0.77,0.0165064,0.852481
0.8900000000000001,0.0479551,0.879413
1.1100000000000003,0.0136716,0.883653
1.0700000000000003,0.0721437,0.902966
1.0900000000000003,0.0369702,0.911294
0.9900000000000001,0.00347246,0.918978
0.9500000000000002,0.0758693,0.869735
0.9700000000000001,0.105681,0.856178
0.9500000000000002,0.133435,0.872339
1.1500000000000001,0.105684,0.893131
0.8700000000000001,0.137063,0.900471
0.9500000000000002,0.0966801,0.930856
1.0500000000000003,0.165618,0.86293
1.0500000000000003,0.198705,0.848712
0.9900000000000001,0.19318,0.882691
0.8500000000000001,0.224313,0.873423
0.8300000000000001,0.164944,0.894058
1.0300000000000002,0.217944,0.905001
0.9900000000000001,0.156267,0.925586
0.9700000000000001,0.1866,0.915704
1.0100000000000002,0.254148,0.862285
0.9100000000000001,0.285003,0.851946
1.0500000000000003,0.281935,0.884275
1.0900000000000003,0.249992,0.895244
0.9100000000000001,0.276237,0.919129
0.9900000000000001,0.346614,0.862142
0.9900000000000001,0.313867,0.87462
1.0500000000000003,0.372206,0.884228
0.8900000000000001,0.378474,0.853167
1.0500000000000003,0.339136,0.896219
0.9700000000000001,0.30631,0.907497
1.0300000000000002,0.364355,0.917417
0.9500000000000002,0.402672,0.87288
1.0900000000000003,0.446689,0.856173
0.9300000000000002,0.396762,0.906228
1.1500000000000001,0.431136,0.890836
1.0500000000000003,0.42276,0.926263
0.8500000000000001,0.455665,0.915617
0.8700000000000001,0.48043,0.858135
0.9500000000000002,0.504298,0.877869
1.0900000000000003,0.468556,0.88784
0.9700000000000001,0.526148,0.902133
0.9500000000000002,0.495105,0.908132
1.0500000000000003,0.536159,0.869168
1.0700000000000003,0.569501,0.864478
0.9900000000000001,0.602924,0.86305
0.9500000000000002,0.558844,0.897926
0.81,0.590147,0.89258
0.9900000000000001,0.578762,0.923708
0.81,0.634035,0.860565
1.1100000000000003,0.665155,0.85224
0.9700000000000001,0.654594,0.885462
0.9700000000000001,0.620567,0.888692
0.9300000000000002,0.609759,0.917439
1.0700000000000003,0.641972,0.915819
1.0100000000000002,0.674903,0.91341
1.2500000000000002,0.689316,0.880545
0.9700000000000001,0.724041,0.880167
1.0500000000000003,0.757356,0.876971
1.0700000000000003,0.708581,0.913767
0.9900000000000001,0.742503,0.906653
0.9500000000000002,0.825797,0.876963
1.1300000000000001,0.790864,0.878483
0.8900000000000001,0.773862,0.906873
1.0100000000000002,0.809428,0.907555
1.2100000000000002,0.847986,0.905434
0.9500000000000002,0.895273,0.86184
0.9100000000000001,0.862736,0.871888
1.1900000000000002,0.887346,0.895891
0.9900000000000001,0.915574,0.916918
1.0900000000000003,0.921781,0.883239
1.0900000000000003,0.986728,0.860431
1.0700000000000003,0.952816,0.869573
1.0900000000000003,0.976881,0.89474
0.9300000000000002,0.970209,0.926863
0.9100000000000001,0.945835,0.907138
1.1300000000000001,0.0180451,0.980094
1.0300000000000002,0.0531224,0.97512
1.0900000000000003,0.0275574,0.946275
1.2300000000000002,0.063248,0.938792
1.0700000000000003,0.0758163,0.999683
0.9300000000000002,0.107664,0.989962
0.9900000000000001,0.139698,0.982332
1.0300000000000002,0.0858896,0.966776
1.0100000000000002,0.117655,0.956793
0.8700000000000001,0.126291,0.927
0.79,0.149059,0.954732
0.9900000000000001,0.195861,1.00207
1.0100000000000002,0.172318,0.979046
0.9500000000000002,0.204483,0.970399
0.9700000000000001,0.178699,0.948149
1.0500000000000003,0.211103,0.939191
1.0500000000000003,0.228946,0.993128
1.0300000000000002,0.285286,1.00425
0.9700000000000001,0.260397,0.982088
0.9300000000000002,0.293541,0.971737
0.9700000000000001,0.236592,0.961849
0.9900000000000001,0.269399,0.950985
1.0500000000000003,0.243876,0.929529
0.9300000000000002,0.316961,0.992504
1.0500000000000003,0.349562,0.983909
0.9300000000000002,0.299803,0.940868
0.8700000000000001,0.322383,0.962718
1.1100000000000003,0.356429,0.950568
0.9700000000000001,0.331187,0.929295
1.1700000000000002,0.408594,0.996418
1.0900000000000003,0.443545,0.991239
1.0500000000000003,0.382378,0.973321
1.0500000000000003,0.422642,0.961852
1.1100000000000003,0.39141,0.940495
0.8300000000000001,0.449816,0.943902
1.1300000000000001,0.482638,1.00047
0.9700000000000001,0.518502,0.996089
0.9900000000000001,0.467188,0.9681
1.1100000000000003,0.500001,0.966027
1.0100000000000002,0.479619,0.935812
0.9900000000000001,0.512714,0.933849
1.0700000000000003,0.552003,0.989893
1.0500000000000003,0.533966,0.962095
1.0700000000000003,0.586688,0.983614
0.9700000000000001,0.566956,0.955547
1.0900000000000003,0.600691,0.951482
1.0300000000000002,0.545628,0.929632
0.8300000000000001,0.66635,1.00237
1.0100000000000002,0.621095,0.981543
1.0300000000000002,0.65383,0.976144
0.9900000000000001,0.634864,0.949617
1.1300000000000001,0.671432,0.946238
0.9700000000000001,0.71885,0.984899
1.0100000000000002,0.753027,0.988975
0.9500000000000002,0.68635,0.97933
0.9700000000000001,0.739858,0.959768
1.0300000000000002,0.706068,0.951675
0.77,0.731788,0.933285
0.8300000000000001,0.759599,0.932706
1.1900000000000002,0.78944,0.994648
1.0700000000000003,0.824758,0.991433
1.0500000000000003,0.772537,0.961099
1.0900000000000003,0.806753,0.961195
0.9100000000000001,0.791048,0.933261
0.8500000000000001,0.824846,0.934075
0.8700000000000001,0.858823,0.988084
0.9700000000000001,0.841063,0.96359
1.0900000000000003,0.876593,0.962424
0.81,0.902859,0.981157
0.8700000000000001,0.854498,0.937801
0.9900000000000001,0.88425,0.930085
1.0700000000000003,0.910464,0.951203
1.0300000000000002,0.983646,0.989385
1.0100000000000002,0.951371,0.997882
0.9500000000000002,0.959466,0.965789
0.8500000000000001,0.930453,0.977326
1.1700000000000002,0.991093,0.954026
0.9700000000000001,0.941935,0.938572
