sigma_input PD psi6 seed 
0.001 1.00 0.8834870755626686 5563624
0.04 4.04 0.8651463155454341 222221
0.06 6.07 0.8529584670621497 22232221
0.075 7.53 0.8285491284499384 2882828
0.08 7.98 0.7928447615013695 288282812
0.08 8.10 0.8160440275655685 9843733
0.085 8.44 0.842737937569242 9867
0.085 8.35 0.7830120118847356 16673
0.085 8.10 0.8160440275655685 984733 
0.09 9.07 0.7847310636458843 986722
0.11 11.17 0.7187961808440794 4568
0.12 12.23 0.6808250879106985 45684
0.13 13.54 0.6541716297808896 3645684
0.15 14.67 0.6256699422293304 37763
