sigma_input PD psi6 seed 
0.01 1.00 0.9141612944202151 1112293
0.01 1.00 0.921935054976168 27263
0.04 4.02 0.876827200900633 50 
0.04 4.01 0.9171869952022705 114
0.04 4.11 0.9224311058203852 155
0.06 6.08 0.87446464811406 284
0.06 5.99 0.9060782398638371 500
0.06 6.14 0.9020722312662481 506
0.078 7.69 0.8893722063047547 406 
0.078 7.67 0.8869661140618699 411
0.078 7.97 0.8695854203994482 10
0.08 7.56 0.8875388379266564 103
0.08 7.97 0.856591250544968 957
0.08 7.95 0.823669380762143 55557
0.08 8.28 0.8646698299663569 2657
0.085 8.39 0.8256029448028734 1097
0.085 8.52 0.851061964939805 746593
0.085 8.65 0.8405749279668182 736485
0.095 9.25 0.8031211232892302 38724
0.095 9.51 0.8077379739167194 53846
0.095 9.70 0.7934382926156897 364643
0.105 10.15 0.7852611738812686 205030
0.105 10.17 0.7720135235193006 2364238
0.105 10.54 0.777792007504571 882365
0.11 11.20 0.7503461516355705 7364822
0.11 11.17 0.7292569540336487 5537346
0.11 11.27 0.7430514720976563 172662
0.12 11.76 0.7260140589479442 106
0.12 12.19 0.706614352305832 6667372
0.12 12.06 0.7299816640408098 775432
0.13 13.04 0.7125109019078457 15
0.13 13.27 0.7040443679806491 7575757
0.13 12.91 0.6974115734852026 5432211
0.1305 12.99 0.6942222780078282 817743
0.1305 13.40 0.7152966618915556 897375
0.131 13.54 0.6895141401150526 3257542
0.135 13.88 0.6811739452923146 728375
0.14 14.23 0.6734387633662416 187664
0.14 13.87 0.6802750967184465 872
0.14 13.70 0.6933196884314592 36859974
0.15 14.73 0.6666864286818939 187364
0.15 14.77 0.6637447645571595 245
0.15 15.33 0.6636725625564655 9887678
