sigma_input PD psi6 seed 
0.01 1.17 0.9263646877381704 2901
0.04 4.15 0.9119283799032254 27713
0.06 5.94 0.9002474190567102 52771323
0.06 6.03 0.9093372414154356 1622
0.07 7.59 0.8790958452886176 27773
0.07 6.98 0.89213377207376 21622
0.08 7.94 0.8462547603185643 86162
0.08 7.94 0.8697777329507114 298174
0.082 8.31 0.8526536509158413 18833
0.085 8.87 0.8242011921284931 86662
0.09 9.46 0.7977650906833742 234566
0.11 11.08 0.7704025933817551 377641
0.12 12.00 0.7238565130228078 988366
0.13 13.19 0.6770094533269925 377483
0.14 14.19 0.6732154234684115 663774
0.15 14.87 0.6789155688474698 5662444
